   4.0528473458447606e-01	
   8.1056946916895212e-01	
   1.2158542037533342e+00	
   1.6211389383379042e+00	
   2.0264236729223088e+00	
   1.3191720598861050e+02	
   2.6383441197722101e+02	
   3.9575161796583171e+02	
   5.2766882395444202e+02	
   6.5958602994305375e+02	
   1.0186307052873221e+02	
   2.0372614105746442e+02	
   3.0558921158619614e+02	
   4.0745228211492883e+02	
   5.0931535264366011e+02	
   1.8814061378910247e+02	
   3.7628122757820495e+02	
   5.6442184136730771e+02	
   7.5256245515640990e+02	
   9.4070306894551197e+02	
   1.6211389382819836e+00	
   3.2422778765639673e+00	
   4.8634168148459098e+00	
   6.4845557531279345e+00	
   8.1056946914101093e+00	
   2.4399805750999656e+02	
   4.8799611501999311e+02	
   7.3199417252999137e+02	
   9.7599223003998623e+02	
   1.2199902875499847e+03	
   1.1588842839385141e+02	
   2.3177685678770283e+02	
   3.4766528518155428e+02	
   4.6355371357540565e+02	
   5.7944214196925725e+02	
   7.0368701123237543e+01	
   1.4073740224647509e+02	
   2.1110610336971146e+02	
   2.8147480449295017e+02	
   3.5184350561618595e+02	
   2.6516619863300025e+02	
   5.3033239726600050e+02	
   7.9549859589900097e+02	
   1.0606647945320010e+03	
   1.3258309931650008e+03	
   3.5564974576879570e+02	
   7.1129949153759139e+02	
   1.0669492373063867e+03	
   1.4225989830751828e+03	
   1.7782487288439772e+03	
   2.1561987057421203e+02	
   4.3123974114842406e+02	
   6.4685961172263569e+02	
   8.6247948229684812e+02	
   1.0780993528710599e+03	
   4.1156647915328836e+02	
   8.2313295830657671e+02	
   1.2346994374598660e+03	
   1.6462659166131534e+03	
   2.0578323957664411e+03	
   6.4845557531114046e+00	
   1.2969111506222809e+01	
   1.9453667259333852e+01	
   2.5938223012445619e+01	
   3.2422778765557027e+01	
   4.5982712942327578e+02	
   9.1965425884655156e+02	
   1.3794813882698270e+03	
   1.8393085176931031e+03	
   2.2991356471163781e+03	
   2.3073019741024353e+02	
   4.6146039482048707e+02	
   6.9219059223073077e+02	
   9.2292078964097414e+02	
   1.1536509870512168e+03	
   2.2406477971685129e+02	
   4.4812955943370258e+02	
   6.7219433915055379e+02	
   8.9625911886740516e+02	
   1.1203238985842574e+03	
   4.8785028628820271e+02	
   9.7570057257640542e+02	
   1.4635508588646082e+03	
   1.9514011451528108e+03	
   2.4392514314410155e+03	
